CNN

accuracy : 0.015279320275695516
precision: 0.012369255286568393
recall: 0.014862835842373719
f1-score: 0.017797305284578309

MLP

accuracy : 0.034480817957328214
precision: 0.018490969299530719
recall: 0.034480817957328207
f1-score: 0.027875041749948763

DFA
accuracy : ', 0.0087805911339263777)
precision : ', 0.017430032408947877)
recall : ', 0.0087805911339263777)
f1 :  0.0086484596281739302)